4 9
4 10
4 11
4 15
4 16
4 17
4 27
4 28
4 29
4 33
4 34
4 35
4 45
4 46
4 47
4 51
4 52
4 53
4 63
4 64
4 65
4 69
4 70
4 71
6 7
6 12
6 14
6 19
6 25
6 30
6 32
6 37
6 43
6 48
6 50
6 55
7 7
7 12
7 14
6 66
7 19
6 73
7 25
7 30
7 32
7 37
7 43
7 48
7 50
7 55
8 7
8 12
8 14
7 66
8 19
7 73
8 25
8 30
8 32
8 37
8 43
8 48
8 50
8 55
9 9
9 10
9 11
8 61
9 15
9 16
9 17
8 68
8 73
9 27
9 28
9 29
9 33
9 34
9 35
9 45
9 46
9 47
9 51
9 52
9 53
9 63
9 64
9 65
9 69
9 70
9 71
11 9
11 10
11 11
11 15
11 16
11 17
11 27
11 28
11 29
11 33
11 34
11 35
11 45
11 46
11 47
11 51
11 52
11 53
12 7
12 12
12 14
11 64
11 65
12 19
11 69
11 70
11 71
12 25
12 30
12 32
12 37
12 43
12 48
12 50
12 55
13 7
13 12
13 14
12 66
13 19
12 73
13 25
13 30
13 32
13 37
13 43
13 48
13 50
13 55
14 7
14 12
14 14
13 66
14 19
13 73
14 25
14 30
14 32
14 37
14 43
14 48
14 50
14 55
14 61
14 66
14 68
14 73
16 9
16 10
16 11
16 15
16 16
16 17
16 27
16 28
16 29
16 33
16 34
16 35
16 45
16 46
16 47
16 51
16 52
16 53
16 63
16 64
16 65
16 69
16 70
16 71